0.000000000000000000e+00
4.947390005653217598e-02
9.894780011306435197e-02
1.484217001695965210e-01
1.978956002261287039e-01
2.473695002826608869e-01
2.968434003391930420e-01
3.463173003957252249e-01
3.957912004522574079e-01
4.452651005087895908e-01
4.947390005653217737e-01
5.442129006218539011e-01
5.936868006783860841e-01
6.431607007349182670e-01
6.926346007914504499e-01
7.421085008479826328e-01
7.915824009045148157e-01
8.410563009610469987e-01
8.905302010175791816e-01
9.400041010741113645e-01
9.894780011306435474e-01
1.038951901187175730e+00
1.088425801243707802e+00
1.137899701300240096e+00
1.187373601356772168e+00
1.236847501413304462e+00
1.286321401469836534e+00
1.335795301526368828e+00
1.385269201582900900e+00
1.434743101639433194e+00
1.484217001695965266e+00
1.533690901752497560e+00
1.583164801809029631e+00
1.632638701865561703e+00
1.682112601922093997e+00
1.731586501978626069e+00
1.781060402035158363e+00
1.830534302091690435e+00
1.880008202148222729e+00
1.929482102204754801e+00
1.978956002261287095e+00
2.028429902317819167e+00
2.077903802374351461e+00
2.127377702430883755e+00
2.176851602487415605e+00
2.226325502543947898e+00
2.275799402600480192e+00
2.325273302657012486e+00
2.374747202713544336e+00
2.424221102770076630e+00
2.473695002826608924e+00
2.523168902883140774e+00
2.572642802939673068e+00
2.622116702996205362e+00
2.671590603052737656e+00
2.721064503109269506e+00
2.770538403165801800e+00
2.820012303222334094e+00
2.869486203278866387e+00
2.918960103335398237e+00
2.968434003391930531e+00
3.017907903448462825e+00
3.067381803504995119e+00
3.116855703561526969e+00
3.166329603618059263e+00
3.215803503674591557e+00
3.265277403731123407e+00
3.314751303787655701e+00
3.364225203844187995e+00
3.413699103900720289e+00
3.463173003957252138e+00
3.512646904013784432e+00
3.562120804070316726e+00
3.611594704126849020e+00
3.661068604183380870e+00
3.710542504239913164e+00
3.760016404296445458e+00
3.809490304352977752e+00
3.858964204409509602e+00
3.908438104466041896e+00
3.957912004522574190e+00
4.007385904579106040e+00
4.056859804635638334e+00
4.106333704692170627e+00
4.155807604748702921e+00
4.205281504805235215e+00
4.254755404861767509e+00
4.304229304918298915e+00
4.353703204974831209e+00
4.403177105031363503e+00
4.452651005087895797e+00
4.502124905144428091e+00
4.551598805200960385e+00
4.601072705257492679e+00
4.650546605314024973e+00
4.700020505370556378e+00
4.749494405427088672e+00
4.798968305483620966e+00
4.848442205540153260e+00
4.897916105596685554e+00
4.947390005653217848e+00
4.996863905709750142e+00
5.046337805766281548e+00
5.095811705822813842e+00
5.145285605879346136e+00
5.194759505935878430e+00
5.244233405992410724e+00
5.293707306048943018e+00
5.343181206105475312e+00
5.392655106162007606e+00
5.442129006218539011e+00
5.491602906275071305e+00
5.541076806331603599e+00
5.590550706388135893e+00
5.640024606444668187e+00
5.689498506501200481e+00
5.738972406557732775e+00
5.788446306614264181e+00
5.837920206670796475e+00
5.887394106727328769e+00
5.936868006783861063e+00
5.986341906840393357e+00
6.035815806896925650e+00
6.085289706953457944e+00
6.134763607009990238e+00
6.184237507066521644e+00
6.233711407123053938e+00
6.283185307179586232e+00
